$ANSIBLE_VAULT;1.1;AES256
65373866663966333263653239636333643934393139393861646264383161663833303535313262
3131333963313561626362643331363563396564383532640a396638623266623732373635353366
33363938643636666239303335323333343439383163346134643930336534373035333135333737
6138623737313337310a393935623262643063373036393365323965333563333132356334363765
61343833383736656536643035353966356535393861333961326336303264373261663731656665
30383635326366393961613762623033316265343966303465313135613135613966663432326635
36393939353063623233313538333939353930366363616435613032396535346264643161373231
66353566623232643238363864363033373035623461633166633934396338333936356332666438
39356463363166633736666665653130356238633363343939346266303033613234623138636565
35363366303230303465646364353262663764613538343162373362313966313534383038626630
63656466323335303932333466383931383031353064333633326531346437633133663862616635
36646136346266356437663433636637306530326235363838316236656636633138356230383564
61653934386231366166306539306464356161646566343536303666313936373233653732656334
32373066346635653139663366633639363461373662626639396162356266653763376338666133
66353339393164323532336266393663393637633032333864346136663538366664326461623335
62633366626137363633323638376563356332343233366435633035643235376166323637313032
35666234326563626632653930353831613238303231376132356536386536346134353134303164
31643637643764646134623737396436626132666138376437623235633238653366366330643766
64303734636438386364313235336234356335666332396233363535646165346439666563613936
30623730383864656461653633323731356436353635356162643330396564623131393830363833
66626638666162383461653938346238323537326632343761303032303062306535353037383839
36303635343231633433666338623534323263303132623863363363346234383661313932623264
39396462643430666365653765343564343038393131353832313733613030396365316431333831
32626162313134323863313338653538636634383063643832613934393330333161616536663466
3661
